10 4
fc1_weight
1.082678198814392 1.3312246799468994 0.7763266563415527 0.6023513674736023 -0.12932036817073822 -0.19017362594604492 -0.03628239408135414 0.19939753413200378 0.29308271408081055 -0.16602332890033722
0.8049803376197815 1.4687470197677612 1.7197829484939575 0.873469352722168 0.4428255558013916 -0.11229623854160309 0.2062135487794876 -0.01635707914829254 -0.1274251937866211 0.10751308500766754
0.5073286890983582 1.244142770767212 1.0615154504776 0.8043016195297241 -0.11989828199148178 -0.32714441418647766 0.182186096906662 -0.19407621026039124 0.05751807242631912 -0.20012500882148743
0.3991681933403015 1.129558801651001 2.220261573791504 1.3455744981765747 0.5739906430244446 0.33240482211112976 0.7222558856010437 0.11765646934509277 0.007519549690186977 0.12821336090564728
fc1_bias
0.36608758568763733 -0.21643391251564026 0.1810777634382248 -0.28799450397491455
fc2_weight
0.4576045870780945 1.1815725564956665 0.5433306097984314 1.0659347772598267
fc2_bias
0.32246044
