NN-assisted scaling
%p_chase=5, alpha=[0.265, 0.34, 0.35, 0.355, 0.36, 0.365, 0.465, 0.47]
%beta=[0.61, 0.665, 0.67, 0.68, 0.685, 0.69, 0.72, 0.725]
%scaling = [0.16, 0.17, 0.18, 0.21, 0.22, 0.23, 0.26, 0.4]

original Chase-Pyndiah
%p_chase=5, alpha=[0.1, 0.12, 0.14, 0.15, 0.19, 0.21, 0.24, 0.25]
%beta=[0.34, 0.36, 0.42, 0.43, 0.45, 0.46, 0.47, 0.62]

scaled-top2
%p_chase=5, alpha=[0.15, 0.18, 0.2, 0.23, 0.25, 0.28, 0.3, 0.32]
%beta=[0.21, 0.24, 0.58, 0.59, 0.6, 0.66, 0.69, 0.85]
%scaling = [0.32, 0.35, 0.46, 0.54, 0.56, 0.58, 0.76, 0.77]
%md = [4.1, 2.2, 2.1, 1.7, 1, 1, 0.7, 0.5]