NN-assisted scaling
%p_chase=6, alpha=[0.25, 0.26, 0.35, 0.36, 0.37, 0.38, 0.4, 0.9]
%beta=[0.63, 0.64, 0.65, 0.66, 0.67, 0.68, 0.69, 0.79]
%scaling = [0.28, 0.29, 0.3, 0.32, 0.35, 0.37, 0.39, 0.44]


original Chase-Pyndiah
%p_chase=6, alpha=[0.13, 0.14, 0.15, 0.17, 0.25, 0.27, 0.28, 0.28]
%beta=[0.4, 0.41, 0.41, 0.42, 0.43, 0.45, 0.66, 0.7]


scaled-top2
%p_chase=6, alpha=[0.27, 0.285, 0.305, 0.39, 0.405, 0.48, 0.485, 0.5]
%beta=[0.695, 0.7, 0.93, 0.935, 0.975, 0.985, 0.985, 0.985]
%scaling = [0.45, 0.46, 0.46, 0.46, 0.46, 0.46, 0.46, 0.47]
%md = [6.2, 1.4, 1.3, 1.2, 1.1, 1, 1, 0.9]